Route2Read — Phase 0, Subtask 0.4 — Inference + Router Hooks
Timestamp: 2026-10-04T18:04:06.932548
Inference time: 5.39s
Layers hooked: 11
Layers that fired: 11
Router log sample (layer 1, first pass): {
  "input_shape": [
    1,
    116,
    1280
  ],
  "output_types": [
    "Tensor",
    "Tensor",
    "NoneType"
  ],
  "output_shapes": [
    [
      116,
      6
    ],
    [
      116,
      6
    ],
    "<class 'NoneType'>"
  ],
  "output_0": [
    [
      0,
      14,
      19,
      35,
      46,
      49
    ],
    [
      8,
      18,
      42,
      46,
      49,
      11
    ],
    [
      11,
      18,
      31,
      46,
      49,
      27
    ],
    [
      1,
      5,
      10,
      46,
      48,
      22
    ],
    [
      9,
      11,
      15,
      18,
      46,
      32
    ],
    [
      11,
      17,
      32,
      39,
      46,
      9
    ],
    [
      21,
      26,
      29,
      50,
      56,
      32
    ],
    [
      9,
      11,
      18,
      27,
      46,
      49
    ],
    [
      9,
      11,
      18,
      46,
      49,
      55
    ],
    [
      3,
      23,
      25,
      30,
      42,
      5
    ],
    [
      21,
      26,
      29,
      30,
      39,
      56
    ],
    [
      24,
      29,
      41,
      46,
      62,
      2
    ],
    [
      5,
      16,
      18,
      22,
      29,
      1
    ],
    [
      1,
      8,
      16,
      23,
      42,
      57
    ],
    [
      8,
      16,
      23,
      42,
      49,
      55
    ],
    [
      8,
      16,
      42,
      49,
      55,
      54
    ],
    [
      18,
      28,
      36,
      53,
      55,
      34
    ],
    [
      18,
      28,
      34,
      36,
      53,
      12
    ],
    [
      6,
      9,
      28,
      45,
      54,
      34
    ],
    [
      6,
      11,
      28,
      36,
      45,
      60
    ],
    [
      14,
      35,
      45,
      47,
      60,
      16
    ],
    [
      33,
      47,
      52,
      57,
      60,
      58
    ],
    [
      24,
      29,
      39,
      41,
      62,
      36
    ],
    [
      6,
      22,
      33,
      47,
      60,
      18
    ],
    [
      0,
      23,
      25,
      48,
      60,
      19
    ],
    [
      0,
      14,
      23,
      24,
      25,
      42
    ],
    [
      8,
      16,
      49,
      55,
      60,
      18
    ],
    [
      18,
      27,
      28,
      33,
      36,
      11
    ],
    [
      16,
      28,
      35,
      38,
      60,
      54
    ],
    [
      16,
      33,
      47,
      48,
      60,
      57
    ],
    [
      6,
      33,
      44,
      47,
      60,
      32
    ],
    [
      19,
      32,
      35,
      47,
      60,
      33
    ],
    [
      32,
      33,
      47,
      51,
      60,
      20
    ],
    [
      24,
      29,
      39,
      41,
      62,
      28
    ],
    [
      23,
      33,
      47,
      52,
      60,
      48
    ],
    [
      0,
      14,
      23,
      25,
      52,
      19
    ],
    [
      8,
      16,
      45,
      49,
      55,
      42
    ],
    [
      9,
      36,
      45,
      53,
      63,
      21
    ],
    [
      6,
      36,
      45,
      60,
      63,
      9
    ],
    [
      35,
      37,
      47,
      49,
      60,
      45
    ],
    [
      5,
      33,
      47,
      60,
      35,
      37
    ],
    [
      11,
      33,
      37,
      45,
      61,
      9
    ],
    [
      6,
      11,
      33,
      37,
      45,
      63
    ],
    [
      6,
      33,
      37,
      45,
      63,
      21
    ],
    [
      24,
      29,
      39,
      41,
      62,
      38
    ],
    [
      6,
      21,
      37,
      45,
      63,
      43
    ],
    [
      0,
      14,
      23,
      25,
      45,
      19
    ],
    [
      0,
      14,
      23,
      25,
      42,
      24
    ],
    [
      0,
      14,
      23,
      25,
      50,
      35
    ],
    [
      0,
      14,
      23,
      25,
      51,
      34
    ],
    [
      0,
      4,
      14,
      23,
      34,
      51
    ],
    [
      1,
      4,
      20,
      26,
      63,
      10
    ],
    [
      0,
      1,
      23,
      25,
      51,
      4
    ],
    [
      0,
      3,
      23,
      25,
      51,
      10
    ],
    [
      9,
      18,
      26,
      39,
      46,
      6
    ],
    [
      24,
      29,
      39,
      41,
      62,
      28
    ],
    [
      1,
      3,
      5,
      34,
      57,
      30
    ],
    [
      3,
      14,
      23,
      50,
      51,
      5
    ],
    [
      1,
      34,
      44,
      48,
      57,
      18
    ],
    [
      0,
      14,
      38,
      51,
      23,
      52
    ],
    [
      3,
      5,
      38,
      50,
      51,
      52
    ],
    [
      3,
      5,
      30,
      38,
      51,
      1
    ],
    [
      1,
      26,
      30,
      56,
      61,
      3
    ],
    [
      9,
      11,
      18,
      46,
      49,
      61
    ],
    [
      1,
      3,
      5,
      10,
      30,
      50
    ],
    [
      1,
      3,
      5,
      26,
      30,
      50
    ],
    [
      24,
      29,
      39,
      41,
      62,
      63
    ],
    [
      1,
      10,
      34,
      48,
      57,
      18
    ],
    [
      7,
      9,
      29,
      50,
      61,
      34
    ],
    [
      1,
      10,
      48,
      52,
      57,
      34
    ],
    [
      7,
      20,
      34,
      38,
      40,
      52
    ],
    [
      3,
      5,
      30,
      38,
      51,
      52
    ],
    [
      1,
      9,
      15,
      39,
      46,
      44
    ],
    [
      9,
      11,
      18,
      39,
      46,
      1
    ],
    [
      17,
      40,
      52,
      56,
      61,
      26
    ],
    [
      1,
      3,
      5,
      30,
      50,
      40
    ],
    [
      3,
      26,
      30,
      40,
      61,
      50
    ],
    [
      24,
      29,
      39,
      41,
      62,
      63
    ],
    [
      1,
      12,
      27,
      34,
      48,
      10
    ],
    [
      7,
      9,
      34,
      50,
      61,
      29
    ],
    [
      1,
      10,
      34,
      48,
      57,
      52
    ],
    [
      7,
      17,
      20,
      40,
      52,
      19
    ],
    [
      5,
      13,
      30,
      38,
      55,
      20
    ],
    [
      1,
      12,
      17,
      56,
      61,
      40
    ],
    [
      17,
      34,
      40,
      56,
      61,
      12
    ],
    [
      7,
      12,
      17,
      40,
      61,
      34
    ],
    [
      30,
      40,
      56,
      59,
      61,
      12
    ],
    [
      1,
      34,
      40,
      61,
      3,
      59
    ],
    [
      24,
      29,
      41,
      62,
      63,
      39
    ],
    [
      1,
      5,
      18,
      34,
      48,
      10
    ],
    [
      3,
      5,
      22,
      38,
      51,
      14
    ],
    [
      1,
      34,
      44,
      48,
      57,
      52
    ],
    [
      4,
      7,
      20,
      40,
      10,
      38
    ],
    [
      3,
      5,
      22,
      38,
      51,
      30
    ],
    [
      3,
      5,
      22,
      30,
      38,
      51
    ],
    [
      3,
      5,
      22,
      30,
      40,
      55
    ],
    [
      7,
      12,
      17,
      29,
      40,
      55
    ],
    [
      1,
      3,
      5,
      22,
      30,
      51
    ],
    [
      3,
      5,
      22,
      30,
      51,
      1
    ],
    [
      24,
      29,
      41,
      62,
      63,
      39
    ],
    [
      1,
      5,
      18,
      29,
      48,
      22
    ],
    [
      9,
      32,
      34,
      40,
      61,
      6
    ],
    [
      1,
      22,
      34,
      48,
      61,
      4
    ],
    [
      7,
      9,
      19,
      32,
      17,
      55
    ],
    [
      17,
      34,
      44,
      58,
      59,
      55
    ],
    [
      13,
      17,
      34,
      44,
      59,
      61
    ],
    [
      13,
      34,
      44,
      58,
      59,
      61
    ],
    [
      17,
      44,
      58,
      59,
      61,
      34
    ],
    [
      30,
      44,
      58,
      59,
      61,
      50
    ],
    [
      11,
      18,
      31,
      46,
      49,
      9
    ],
    [
      24,
      29,
      39,
      41,
      62,
      63
    ],
    [
      1,
      29,
      41,
      59,
      63,
      36
    ],
    [
      0,
      23,
      24,
      25,
      42,
      8
    ],
    [
      1,
      18,
      34,
      44,
      59,
      9
    ],
    [
      11,
      39,
      45,
      46,
      49,
      56
    ],
    [
      0,
      14,
      23,
      35,
      42,
      8
    ]
  ],
  "output_1": [
    [
      0.013050727546215057,
      0.017289405688643456,
      0.01226002350449562,
      0.3997018337249756,
      0.36393266916275024,
      0.011162878945469856
    ],
    [
      0.022065196186304092,
      0.03063449077308178,
      0.011903280392289162,
      0.46446049213409424,
      0.29065197706222534,
      0.011492076329886913
    ],
    [
      0.11434105783700943,
      0.1009056344628334,
      0.061202358454465866,
      0.23830722272396088,
      0.19450069963932037,
      0.029365211725234985
    ],
    [
      0.03655890002846718,
      0.04158879444003105,
      0.028030678629875183,
      0.05684514343738556,
      0.031270481646060944,
      0.02633238583803177
    ],
    [
      0.04058391973376274,
      0.05251949653029442,
      0.05590670555830002,
      0.03444312512874603,
      0.14276278018951416,
      0.034308843314647675
    ],
    [
      0.042787257581949234,
      0.03775962069630623,
      0.0398821085691452,
      0.04082788899540901,
      0.12874102592468262,
      0.03280612826347351
    ],
    [
      0.032176584005355835,
      0.043298326432704926,
      0.03398524224758148,
      0.040044404566287994,
      0.0316777303814888,
      0.027629809454083443
    ],
    [
      0.06517431139945984,
      0.06218976154923439,
      0.07923181354999542,
      0.04142731428146362,
      0.09632138907909393,
      0.03953021764755249
    ],
    [
      0.05736968666315079,
      0.05873016640543938,
      0.0854518935084343,
      0.11588995158672333,
      0.1006869375705719,
      0.030113838613033295
    ],
    [
      0.04150478169322014,
      0.03648504614830017,
      0.03145207464694977,
      0.031822822988033295,
      0.02943129651248455,
      0.028525792062282562
    ],
    [
      0.035981740802526474,
      0.03340791538357735,
      0.05572960898280144,
      0.02994666062295437,
      0.032889969646930695,
      0.027160441502928734
    ],
    [
      0.07939046621322632,
      0.08064068108797073,
      0.48632556200027466,
      0.02421272173523903,
      0.05718280375003815,
      0.017304053530097008
    ],
    [
      0.032459456473588943,
      0.029096469283103943,
      0.030373960733413696,
      0.029096469283103943,
      0.03551075607538223,
      0.02887004241347313
    ],
    [
      0.024734439328312874,
      0.03662659600377083,
      0.038085635751485825,
      0.027755415067076683,
      0.03793715685606003,
      0.024494068697094917
    ],
    [
      0.12858343124389648,
      0.036839768290519714,
      0.031387872993946075,
      0.16510438919067383,
      0.07326462864875793,
      0.023143967613577843
    ],
    [
      0.13915231823921204,
      0.05364799499511719,
      0.06624643504619598,
      0.06728966534137726,
      0.031049078330397606,
      0.02718747965991497
    ],
    [
      0.057654689997434616,
      0.07009027153253555,
      0.09580204635858536,
      0.062339577823877335,
      0.03931707888841629,
      0.03552002087235451
    ],
    [
      0.047600798308849335,
      0.13040722906589508,
      0.05351901799440384,
      0.1115432158112526,
      0.08160676062107086,
      0.04200756177306175
    ],
    [
      0.03270552679896355,
      0.03048490174114704,
      0.04038593918085098,
      0.051052603870630264,
      0.026902833953499794,
      0.02502726949751377
    ],
    [
      0.044415540993213654,
      0.06564190983772278,
      0.035411152988672256,
      0.041077662259340286,
      0.17983269691467285,
      0.029356880113482475
    ],
    [
      0.03389794006943703,
      0.08758177608251572,
      0.054807279258966446,
      0.03050484135746956,
      0.05353767052292824,
      0.029107922688126564
    ],
    [
      0.0682135745882988,
      0.12448760122060776,
      0.026298677548766136,
      0.03184641897678375,
      0.12644799053668976,
      0.024705318734049797
    ],
    [
      0.03570622578263283,
      0.4630453884601593,
      0.010032138787209988,
      0.29896458983421326,
      0.025518087670207024,
      0.008922768756747246
    ],
    [
      0.034378066658973694,
      0.028389308601617813,
      0.06347842514514923,
      0.06498377025127411,
      0.07961978018283844,
      0.025398356840014458
    ],
    [
      0.040448565036058426,
      0.07735990732908249,
      0.04841059446334839,
      0.03514232113957405,
      0.04442405700683594,
      0.028682326897978783
    ],
    [
      0.07053134590387344,
      0.031176075339317322,
      0.11628653109073639,
      0.026355639100074768,
      0.10754745453596115,
      0.02334980107843876
    ],
    [
      0.10426247864961624,
      0.035335224121809006,
      0.030223820358514786,
      0.02530231513082981,
      0.027358325198292732,
      0.02466796338558197
    ],
    [
      0.1213645339012146,
      0.049035705626010895,
      0.05732854828238487,
      0.0449976921081543,
      0.06915142387151718,
      0.041292205452919006
    ],
    [
      0.04236089065670967,
      0.03948469087481499,
      0.11117096245288849,
      0.024708887562155724,
      0.04219574108719826,
      0.023669663816690445
    ],
    [
      0.022446047514677048,
      0.07834440469741821,
      0.09303627908229828,
      0.02474864572286606,
      0.11946094781160355,
      0.02158615179359913
    ],
    [
      0.0347839780151844,
      0.11494679003953934,
      0.03437872976064682,
      0.12046319991350174,
      0.09831920266151428,
      0.03397820517420769
    ],
    [
      0.05495123192667961,
      0.05452359467744827,
      0.04213257133960724,
      0.040996115654706955,
      0.04964430257678032,
      0.03851228952407837
    ],
    [
      0.046043090522289276,
      0.046043090522289276,
      0.09671467542648315,
      0.03461965173482895,
      0.04825274646282196,
      0.03252215310931206
    ],
    [
      0.049166735261678696,
      0.3107433617115021,
      0.00881511066108942,
      0.38672634959220886,
      0.04012872278690338,
      0.008313440717756748
    ],
    [
      0.047657690942287445,
      0.039049312472343445,
      0.046191416680812836,
      0.035003576427698135,
      0.050336550921201706,
      0.03212108835577965
    ],
    [
      0.0743243396282196,
      0.03622279316186905,
      0.11421995609998703,
      0.09106409549713135,
      0.02609029971063137,
      0.021377623081207275
    ],
    [
      0.10549979656934738,
      0.03155328705906868,
      0.024814877659082413,
      0.030582496896386147,
      0.0339842326939106,
      0.024145541712641716
    ],
    [
      0.031574491411447525,
      0.03536175191402435,
      0.14150704443454742,
      0.05541495606303215,
      0.03749563917517662,
      0.028192846104502678
    ],
    [
      0.04328839108347893,
      0.03631036728620529,
      0.15711012482643127,
      0.049436893314123154,
      0.048670444637537,
      0.031057901680469513
    ],
    [
      0.0734187513589859,
      0.03145390748977661,
      0.05413559451699257,
      0.02931826561689377,
      0.11282827705144882,
      0.02909011021256447
    ],
    [
      0.02978583797812462,
      0.07400919497013092,
      0.09138915687799454,
      0.11373564600944519,
      0.025082193315029144,
      0.025082193315029144
    ],
    [
      0.026686860248446465,
      0.09647922217845917,
      0.051239725202322006,
      0.056275833398103714,
      0.025514565408229828,
      0.025217311456799507
    ],
    [
      0.0434940941631794,
      0.035085272043943405,
      0.08062531054019928,
      0.06181756407022476,
      0.11193715780973434,
      0.03244857117533684
    ],
    [
      0.08871326595544815,
      0.0323818102478981,
      0.05094374343752861,
      0.24494516849517822,
      0.03936627134680748,
      0.030658485367894173
    ],
    [
      0.053144149482250214,
      0.253536581993103,
      0.009435624815523624,
      0.40515026450157166,
      0.03980312868952751,
      0.009271213784813881
    ],
    [
      0.07531597465276718,
      0.05096133425831795,
      0.054673533886671066,
      0.34825754165649414,
      0.07186699658632278,
      0.035299886018037796
    ],
    [
      0.06848089396953583,
      0.03184657171368599,
      0.14841200411319733,
      0.04932492971420288,
      0.04218985140323639,
      0.023666363209486008
    ],
    [
      0.10185547173023224,
      0.03717892989516258,
      0.219023659825325,
      0.08313200622797012,
      0.01982286386191845,
      0.01840490661561489
    ],
    [
      0.0879593938589096,
      0.03812757134437561,
      0.12116917967796326,
      0.07067736238241196,
      0.02549784444272518,
      0.02142944373190403
    ],
    [
      0.04107971116900444,
      0.03696773573756218,
      0.05316109582781792,
      0.029820669442415237,
      0.03211812674999237,
      0.02879050187766552
    ],
    [
      0.029276380315423012,
      0.032916318625211716,
      0.032916318625211716,
      0.03970465809106827,
      0.03422755375504494,
      0.0262431763112545
    ],
    [
      0.060166265815496445,
      0.03375021740794182,
      0.042332254350185394,
      0.04949142411351204,
      0.036778904497623444,
      0.02920837700366974
    ],
    [
      0.038691673427820206,
      0.03170282021164894,
      0.04891085624694824,
      0.034413088113069534,
      0.034955013543367386,
      0.030968427658081055
    ],
    [
      0.033148959279060364,
      0.028133157640695572,
      0.028800316154956818,
      0.027914222329854965,
      0.03406788408756256,
      0.02576606348156929
    ],
    [
      0.0882689505815506,
      0.038561850786209106,
      0.03708456829190254,
      0.0457933284342289,
      0.034701909869909286,
      0.029108012095093727
    ],
    [
      0.033685311675071716,
      0.2887321412563324,
      0.010153750889003277,
      0.39465004205703735,
      0.035857830196619034,
      0.009263169951736927
    ],
    [
      0.041102323681116104,
      0.03078421764075756,
      0.033026646822690964,
      0.03007110022008419,
      0.03188572824001312,
      0.02948947437107563
    ],
    [
      0.037598785012960434,
      0.03909655287861824,
      0.03141496330499649,
      0.031048966571688652,
      0.03644199296832085,
      0.028270406648516655
    ],
    [
      0.03792337328195572,
      0.036756593734025955,
      0.03231111913919449,
      0.03507338836789131,
      0.036186739802360535,
      0.02626875415444374
    ],
    [
      0.032003942877054214,
      0.03626521676778793,
      0.03473995253443718,
      0.04093366488814354,
      0.02971465513110161,
      0.02971465513110161
    ],
    [
      0.03377418965101242,
      0.03403908386826515,
      0.04319784790277481,
      0.030393481254577637,
      0.04634452238678932,
      0.02866378054022789
    ],
    [
      0.031629759818315506,
      0.03263379633426666,
      0.03212785720825195,
      0.034199927002191544,
      0.03669116273522377,
      0.029367240145802498
    ],
    [
      0.030605917796492577,
      0.030131416395306587,
      0.0298969317227602,
      0.035503484308719635,
      0.03663048520684242,
      0.027542345225811005
    ],
    [
      0.06878404319286346,
      0.05570301413536072,
      0.05792196840047836,
      0.1637202501296997,
      0.08104740083217621,
      0.041719626635313034
    ],
    [
      0.032218385487794876,
      0.040727850049734116,
      0.0359422005712986,
      0.030623141676187515,
      0.03766710311174393,
      0.029680965468287468
    ],
    [
      0.03550972416996956,
      0.0637994185090065,
      0.04055337607860565,
      0.03183070942759514,
      0.038696303963661194,
      0.03085138276219368
    ],
    [
      0.029353760182857513,
      0.29646244645118713,
      0.01084090955555439,
      0.40521615743637085,
      0.03681786358356476,
      0.009529770351946354
    ],
    [
      0.0353037491440773,
      0.029961904510855675,
      0.03585970401763916,
      0.030079171061515808,
      0.03316480293869972,
      0.029728738591074944
    ],
    [
      0.027848612517118454,
      0.026781748980283737,
      0.025655344128608704,
      0.026161348447203636,
      0.03255832567811012,
      0.024769067764282227
    ],
    [
      0.039970241487026215,
      0.03287862613797188,
      0.03965919092297554,
      0.034999117255210876,
      0.03696643188595772,
      0.03161906823515892
    ],
    [
      0.030776282772421837,
      0.036263320595026016,
      0.029252441599965096,
      0.030536780133843422,
      0.036263320595026016,
      0.028798924759030342
    ],
    [
      0.027020014822483063,
      0.03073752485215664,
      0.028316732496023178,
      0.03122156858444214,
      0.028316732496023178,
      0.026497403159737587
    ],
    [
      0.05091193690896034,
      0.15928934514522552,
      0.05952208489179611,
      0.05377371981739998,
      0.04858050495386124,
      0.03365073353052139
    ],
    [
      0.12594430148601532,
      0.047431059181690216,
      0.04153202474117279,
      0.04251692816615105,
      0.08656017482280731,
      0.03901572525501251
    ],
    [
      0.030622228980064392,
      0.027990983799099922,
      0.02899254485964775,
      0.02788185328245163,
      0.04284819960594177,
      0.024035660549998283
    ],
    [
      0.03194413706660271,
      0.03838176652789116,
      0.03024410456418991,
      0.037492651492357254,
      0.03024410456418991,
      0.028522904962301254
    ],
    [
      0.0347956046462059,
      0.032180674374103546,
      0.030587300658226013,
      0.03131265193223953,
      0.03821549564599991,
      0.02964622713625431
    ],
    [
      0.03138161823153496,
      0.2954234778881073,
      0.011233254335820675,
      0.3676604628562927,
      0.04092935100197792,
      0.010802916251122952
    ],
    [
      0.043531958013772964,
      0.029455197975039482,
      0.02854895405471325,
      0.036372311413288116,
      0.029570480808615685,
      0.02832678332924843
    ],
    [
      0.028695950284600258,
      0.023789776489138603,
      0.024353936314582825,
      0.02903420850634575,
      0.02903420850634575,
      0.023558586835861206
    ],
    [
      0.04943177103996277,
      0.03477959707379341,
      0.03505237400531769,
      0.037313058972358704,
      0.033709537237882614,
      0.032040465623140335
    ],
    [
      0.02530255913734436,
      0.026829427108168602,
      0.027898190543055534,
      0.027681082487106323,
      0.02641347609460354,
      0.025203915312886238
    ],
    [
      0.027618639171123505,
      0.02625114656984806,
      0.027190452441573143,
      0.02751096710562706,
      0.02635389007627964,
      0.024373363703489304
    ],
    [
      0.024913311004638672,
      0.025206981226801872,
      0.02834097109735012,
      0.029817329719662666,
      0.02970108389854431,
      0.024816183373332024
    ],
    [
      0.029692670330405235,
      0.025999773293733597,
      0.02640920877456665,
      0.026930082589387894,
      0.029004840180277824,
      0.025596681982278824
    ],
    [
      0.027441326528787613,
      0.025980927050113678,
      0.03037477843463421,
      0.027873463928699493,
      0.025379078462719917,
      0.02421688474714756
    ],
    [
      0.0277885589748621,
      0.027144838124513626,
      0.027464814484119415,
      0.026933595538139343,
      0.03210962191224098,
      0.025500217452645302
    ],
    [
      0.028981000185012817,
      0.029437381774187088,
      0.029437381774187088,
      0.0341479629278183,
      0.0270132627338171,
      0.0270132627338171
    ],
    [
      0.03225572407245636,
      0.31085315346717834,
      0.34678173065185547,
      0.04141717404127121,
      0.011819957755506039,
      0.011727973818778992
    ],
    [
      0.03408072516322136,
      0.029958881437778473,
      0.03557705134153366,
      0.03502548113465309,
      0.031766731292009354,
      0.028586963191628456
    ],
    [
      0.04090011864900589,
      0.043879419565200806,
      0.040266022086143494,
      0.03498372435569763,
      0.03457615524530411,
      0.03135921061038971
    ],
    [
      0.038140445947647095,
      0.030408212915062904,
      0.028902597725391388,
      0.04091872274875641,
      0.03874106705188751,
      0.028677677735686302
    ],
    [
      0.029898451641201973,
      0.03084752894937992,
      0.03401198238134384,
      0.03145594149827957,
      0.027436360716819763,
      0.027436360716819763
    ],
    [
      0.03639060631394386,
      0.0390414223074913,
      0.031126536428928375,
      0.034996505826711655,
      0.034724161028862,
      0.030884308740496635
    ],
    [
      0.03420255333185196,
      0.03289227560162544,
      0.029484443366527557,
      0.032636307179927826,
      0.029948757961392403,
      0.029140938073396683
    ],
    [
      0.032310277223587036,
      0.02731447108089924,
      0.028962746262550354,
      0.031438764184713364,
      0.02555953525006771,
      0.02487010881304741
    ],
    [
      0.026988714933395386,
      0.027306849136948586,
      0.024477699771523476,
      0.026674285531044006,
      0.0267786867916584,
      0.023817459121346474
    ],
    [
      0.03550396487116814,
      0.04740401357412338,
      0.03749966248869896,
      0.036063071340322495,
      0.03991818428039551,
      0.03258027136325836
    ],
    [
      0.06953828781843185,
      0.04420122131705284,
      0.052490249276161194,
      0.03693150356411934,
      0.037513088434934616,
      0.03607598692178726
    ],
    [
      0.02993967942893505,
      0.29769209027290344,
      0.40689682960510254,
      0.034730635583400726,
      0.01149777416139841,
      0.011100579053163528
    ],
    [
      0.029125835746526718,
      0.031247461214661598,
      0.038285188376903534,
      0.03919309377670288,
      0.03339293226599693,
      0.028451137244701385
    ],
    [
      0.02636299468576908,
      0.02688295766711235,
      0.027628181502223015,
      0.02952515333890915,
      0.02817309834063053,
      0.024097727611660957
    ],
    [
      0.04666345939040184,
      0.027973076328635216,
      0.02808256447315216,
      0.048902884125709534,
      0.027864020317792892,
      0.027112439274787903
    ],
    [
      0.02924651838839054,
      0.02845764346420765,
      0.028680840507149696,
      0.02845764346420765,
      0.02747456170618534,
      0.02747456170618534
    ],
    [
      0.030027437955141068,
      0.030144959688186646,
      0.029677605256438255,
      0.02809819206595421,
      0.029910366982221603,
      0.027233701199293137
    ],
    [
      0.030565956607460976,
      0.02729232981801033,
      0.02707993984222412,
      0.02882644534111023,
      0.03190796449780464,
      0.02686920203268528
    ],
    [
      0.029578326269984245,
      0.028334302827715874,
      0.030161704868078232,
      0.028223834931850433,
      0.0336478129029274,
      0.027786264196038246
    ],
    [
      0.029372185468673706,
      0.03042316995561123,
      0.028579922392964363,
      0.03556828573346138,
      0.029834730550646782,
      0.02770061045885086
    ],
    [
      0.031077317893505096,
      0.03244177997112274,
      0.03206381946802139,
      0.03360259532928467,
      0.03852556273341179,
      0.0260677020996809
    ],
    [
      0.0931292474269867,
      0.12337621301412582,
      0.03733479976654053,
      0.14424140751361847,
      0.13763611018657684,
      0.031439054757356644
    ],
    [
      0.03244462609291077,
      0.2571982741355896,
      0.012855266220867634,
      0.4307260513305664,
      0.0400637648999691,
      0.012755226343870163
    ],
    [
      0.04331706836819649,
      0.09461317211389542,
      0.1355271190404892,
      0.029771355912089348,
      0.032953884452581406,
      0.029309794306755066
    ],
    [
      0.05785287916660309,
      0.15973693132400513,
      0.1781994253396988,
      0.15482233464717865,
      0.1700390875339508,
      0.04721814766526222
    ],
    [
      0.10614202171564102,
      0.06239767372608185,
      0.11840998381376266,
      0.13628904521465302,
      0.13843528926372528,
      0.037846099585294724
    ],
    [
      0.048289306461811066,
      0.0930800661444664,
      0.054718948900699615,
      0.48014354705810547,
      0.09603475034236908,
      0.027087846770882607
    ],
    [
      0.09693640470504761,
      0.20521435141563416,
      0.13044217228889465,
      0.14326269924640656,
      0.07911718636751175,
      0.03766542673110962
    ]
  ]
}
